:Product: Daily Geomagnetic Data          DGD.txt
:Issued: 1230 UT 27 Sep 2026
#
#  Prepared by the U.S. Dept. of Commerce, NOAA, Space Weather Prediction Center
#  Please send comment and suggestions to SWPC.Webmaster@noaa.gov
#
#               Last 30 Days Daily Geomagnetic Data
#
#
#                Middle Latitude        High Latitude            Estimated
#              - Fredericksburg -     ---- College ----      --- Planetary ---
#  Date        A     K-indices        A     K-indices        A     K-indices
2026 08 29    15  4 3 4 2 3 2 3 2    23  3 4 4 4 5 3 3 2    17   4.33  3.33  3.67  3.00  2.33  2.33  3.67  2.00
2026 08 30    13  3 3 3 4 3 2 2 1    27  3 4 4 6 4 4 2 2    15   3.67  3.67  3.33  3.67  2.00  2.67  2.00  2.00
2026 08 31    13  3 3 3 4 3 2 2 1    20  3 5 4 5 2 2 1 1    12   3.00  3.33  3.33  3.33  2.00  1.67  1.67  1.00
2026 09 01     8  1 1 2 3 3 2 2 1     8  1 1 2 4 2 2 1 1     7   1.00  1.33  2.00  2.67  2.00  1.67  1.67  1.67
2026 09 02     6  0 1 2 2 2 3 2 1     8  1 1 4 3 2 1 1 1     6   0.67  1.00  2.33  2.00  1.67  1.00  1.67  1.67
2026 09 03     6  2 1 2 1 2 2 2 1     3  2 0 0 0 2 2 0 1     6   2.33  1.00  0.67  1.00  1.33  1.67  2.00  1.67
2026 09 04     4  1 1 1 2 2 1 1 1     2  1 1 0 2 0 0 0 0     4   1.33  1.00  1.00  1.67  1.33  0.33  0.67  0.33
2026 09 05     6  2 2 2 2 2 1 1 1    10  2 3 3 4 2 0 1 1     6   2.00  2.67  2.00  2.00  1.33  0.33  0.33  1.00
2026 09 06     5  1 1 1 2 2 1 1 2     2  2 1 1 0 0 0 1 0     5   1.33  1.33  1.33  1.33  1.33  0.67  1.67  1.67
2026 09 07    17  1 2 3 4 3 4 3 4    34  0 1 6 6 4 5 3 3    19   1.33  2.00  3.33  4.00  3.00  3.67  4.00  4.33
2026 09 08    23  4 4 5 3 4 4 2 2    44  4 3 6 6 5 6 2 3    29   4.33  4.00  5.00  4.33  3.67  4.67  3.00  3.00
2026 09 09    10  2 1 2 2 3 3 3 2    26  2 2 2 6 5 5 2 2    12   2.67  1.33  2.33  2.67  2.67  3.00  3.00  2.67
2026 09 10     8  3 3 2 2 2 1 1 2    14  2 2 1 5 4 2 1 2     9   2.67  2.67  2.00  2.33  2.33  1.33  1.00  2.67
2026 09 11     9  1 3 2 3 3 2 1 2    16  1 2 4 5 4 1 1 2     8   1.33  3.00  1.67  2.67  2.33  1.67  1.00  2.00
2026 09 12     6  1 2 3 2 2 2 1 0    12  1 2 4 5 1 1 1 0     7   1.33  2.33  3.00  2.33  2.00  1.33  1.00  1.00
2026 09 13     4  1 2 1 1 2 1 1 1     6  2 2 3 1 3 1 0 0     6   2.33  3.00  2.00  0.67  1.33  1.00  0.33  0.67
2026 09 14     8  1 2 1 2 2 3 2 3    15  1 2 1 4 5 3 2 2    11   1.00  2.33  1.33  2.00  2.67  4.00  2.67  2.67
2026 09 15     7  3 2 0 1 3 0 2 2     7  2 2 0 0 2 0 2 4     8   3.00  2.33  0.33  0.67  2.33  0.67  2.00  3.33
2026 09 16     7  3 2 2 2 2 1 1 1    14  4 2 2 3 5 1 0 1     9   3.67  3.00  2.33  1.67  2.33  1.00  0.67  1.33
2026 09 17     7  2 1 2 1 3 2 2 2    14  2 1 2 2 6 1 1 1     9   3.00  1.67  1.67  1.67  3.00  2.00  1.67  2.33
2026 09 18     6  1 2 2 2 2 2 1 1     3  1 1 2 2 1 0 0 0     5   1.67  2.00  2.00  1.67  0.67  1.00  0.67  1.67
2026 09 19     6  2 2 2 1 2 1 2 1     4  1 2 0 0 2 3 0 1     7   2.33  2.67  1.67  1.33  1.67  1.67  1.67  1.67
2026 09 20     6  2 3 2 1 2 1 1 0     4  1 3 3 0 0 0 0 0     6   2.33  3.00  2.00  0.67  1.00  0.33  0.33  1.00
2026 09 21     2  1 1 0 1 2 1 0 0     0  1 0 0 0 0 0 0 0     3   1.67  1.00  0.33  0.67  0.67  0.33  0.00  1.33
2026 09 22     2  1 0 0 1 1 1 0 0     0  1 0 0 0 0 0 0 0     3   2.00  0.67  0.33  0.33  0.33  0.67  0.67  0.67
2026 09 23     4  0 1 0 1 2 1 2 2     0  0 0 0 0 0 0 0 1     4   0.33  0.33  0.33  1.00  0.67  0.67  1.67  1.67
2026 09 24    13  2 2 3 4 4 2 1 2    35  1 1 5 7 5 4 2 2    16   3.00  2.33  3.00  4.33  3.67  3.00  2.00  2.67
2026 09 25    16  3 3 4 4 3 2 2 3    35  2 3 6 6 5 4 3 2    20   3.67  3.67  4.00  4.00  3.67  2.33  2.67  3.67
2026 09 26    11  3 4 3 2 2 1 2 2    14  2 4 4 4 2 1 1 2    13   3.33  4.00  2.67  2.67  1.67  1.00  2.33  2.67
2026 09 27    -1  4 3 2 1-1-1-1-1    -1  2 2 3 4-1-1-1-1    11   4.00  3.33  2.00  1.33 -1.00 -1.00 -1.00 -1.00
